name: stenv
channels:
  - conda-forge
  - defaults
dependencies:
  - astropy=6.0.1=py310h50ce23c_0
  - astropy-iers-data=0.2024.4.8.0.32.4=pyhd8ed1ab_0
  - brotli=1.1.0=hb547adb_1
  - brotli-bin=1.1.0=hb547adb_1
  - bzip2=1.0.8=h93a5062_5
  - c-ares=1.28.1=h93a5062_0
  - ca-certificates=2024.2.2=hf0a4a13_0
  - certifi=2024.2.2=pyhd8ed1ab_0
  - cfitsio=4.4.0=h808cd33_0
  - colorama=0.4.6=pyhd8ed1ab_0
  - contourpy=1.2.1=py310h21239e6_0
  - cycler=0.12.1=pyhd8ed1ab_0
  - exceptiongroup=1.2.0=pyhd8ed1ab_2
  - fonttools=4.51.0=py310hd125d64_0
  - freetype=2.12.1=hadb7bae_2
  - importlib-metadata=7.1.0=pyha770c72_0
  - iniconfig=2.0.0=pyhd8ed1ab_0
  - joblib=1.4.0=pyhd8ed1ab_0
  - kiwisolver=1.4.5=py310h38f39d4_1
  - krb5=1.21.2=h92f50d5_0
  - lcms2=2.16=ha0e7c42_0
  - lerc=4.0.0=h9a09cb3_0
  - libblas=3.9.0=22_osxarm64_openblas
  - libbrotlicommon=1.1.0=hb547adb_1
  - libbrotlidec=1.1.0=hb547adb_1
  - libbrotlienc=1.1.0=hb547adb_1
  - libcblas=3.9.0=22_osxarm64_openblas
  - libcurl=8.7.1=h2d989ff_0
  - libcxx=16.0.6=h4653b0c_0
  - libdeflate=1.20=h93a5062_0
  - libedit=3.1.20191231=hc8eb9b7_2
  - libev=4.33=h93a5062_2
  - libffi=3.4.2=h3422bc3_5
  - libgfortran=5.0.0=13_2_0_hd922786_3
  - libgfortran5=13.2.0=hf226fd6_3
  - libglib=2.80.0=hfc324ee_4
  - libiconv=1.17=h0d3ecfb_2
  - libintl=0.22.5=h8fbad5d_2
  - libjpeg-turbo=3.0.0=hb547adb_1
  - liblapack=3.9.0=22_osxarm64_openblas
  - libnghttp2=1.58.0=ha4dd798_1
  - libopenblas=0.3.27=openmp_h6c19121_0
  - libpng=1.6.43=h091b4b1_0
  - libsqlite=3.45.2=h091b4b1_0
  - libssh2=1.11.0=h7a5bd25_0
  - libtiff=4.6.0=h07db509_3
  - libwebp-base=1.3.2=h93a5062_1
  - libxcb=1.15=hf346824_0
  - libzlib=1.2.13=h53f4e23_5
  - llvm-openmp=18.1.3=hcd81f8e_0
  - matplotlib-base=3.8.4=py310h2439c42_0
  - munkres=1.1.4=pyh9f0ad1d_0
  - ncurses=6.4.20240210=h078ce10_0
  - numpy=1.26.4=py310hd45542a_0
  - openjpeg=2.5.2=h9f1df11_0
  - openssl=3.2.1=h0d3ecfb_1
  - packaging=24.0=pyhd8ed1ab_0
  - pcre2=10.43=h26f9a81_0
  - pillow=10.3.0=py310h81a8c2e_0
  - pip=24.0=pyhd8ed1ab_0
  - pkg-config=0.29.2=hab62308_1008
  - pluggy=1.4.0=pyhd8ed1ab_0
  - pthread-stubs=0.4=h27ca646_1001
  - pyerfa=2.0.1.4=py310h50ce23c_0
  - pyparsing=3.1.2=pyhd8ed1ab_0
  - pytest=8.1.1=pyhd8ed1ab_0
  - pytest-runner=6.0.0=pyhd8ed1ab_0
  - python=3.10.14=h2469fbe_0_cpython
  - python-dateutil=2.9.0=pyhd8ed1ab_0
  - python_abi=3.10=4_cp310
  - pyyaml=6.0.1=py310h2aa6e3c_1
  - readline=8.2=h92ec313_1
  - scipy=1.13.0=py310hf4b343e_0
  - setuptools=69.2.0=pyhd8ed1ab_0
  - six=1.16.0=pyh6c4a22f_0
  - tk=8.6.13=h5083fa2_1
  - tomli=2.0.1=pyhd8ed1ab_0
  - tzdata=2024a=h0c530f3_0
  - unicodedata2=15.1.0=py310h2aa6e3c_0
  - wheel=0.43.0=pyhd8ed1ab_1
  - xorg-libxau=1.0.11=hb547adb_0
  - xorg-libxdmcp=1.1.3=h27ca646_0
  - xz=5.2.6=h57fd34a_0
  - yaml=0.2.5=h3422bc3_2
  - zipp=3.17.0=pyhd8ed1ab_0
  - zstd=1.5.5=h4f39d0f_0
  - pip:
      - healpy==1.16.6
      - skytools==0.0.1b5
prefix: /Users/shamik/anaconda3/envs/stenv
